Grid variantlari, 90 kun, 3x, 25 grafik/rejim ('range' = sof yonbosh OU bozor)

                                        med    pct     wr  tpd    dd  liq    sl
variant                      regime                                            
sl=False buf=0 lv=10 lb=384  gbm        7.1   56.0  100.0  2.5 -32.8  0.0   0.0
                             range     65.7  100.0  100.0  4.3 -16.8  0.0   0.0
                             regime     9.0   64.0  100.0  3.1 -35.6  0.0   0.0
                             trend_up -23.9   24.0  100.0  2.2 -39.2  0.0   0.0
sl=False buf=0 lv=10 lb=96   gbm      -58.6    4.0  100.0  8.3 -61.2  0.0   0.0
                             range    -15.9   28.0  100.0  9.2 -32.7  0.0   0.0
                             regime   -35.3    8.0  100.0  8.9 -46.5  0.0   0.0
                             trend_up -51.3    0.0  100.0  7.9 -60.0  0.0   0.0
sl=True buf=1.0 lv=10 lb=96  gbm      -30.5    0.0  100.0  5.1 -34.5  0.0  55.9
                             range    -29.9    0.0  100.0  4.5 -33.7  0.0  50.6
                             regime   -28.0    0.0  100.0  4.5 -33.6  0.0  51.1
                             trend_up -32.3    0.0  100.0  4.4 -36.1  0.0  52.8
sl=True buf=1.0 lv=20 lb=192 gbm      -23.4    4.0  100.0  8.2 -26.1  0.0  28.8
                             range    -16.8    0.0  100.0  6.4 -20.7  0.0  23.7
                             regime   -23.8    4.0  100.0  6.8 -27.6  0.0  24.8
                             trend_up -23.9    0.0  100.0  6.3 -24.7  0.0  27.4
sl=True buf=2.0 lv=10 lb=96  gbm      -35.9    0.0  100.0  5.9 -38.2  0.0  49.8
                             range    -30.7    0.0  100.0  5.3 -36.1  0.0  44.6
                             regime   -32.9    0.0  100.0  5.4 -37.8  0.0  44.5
                             trend_up -35.2    0.0  100.0  5.3 -39.4  0.0  46.8